11002
"Oscary 2020: Zellweger, Dern, Phoenix oraz Pitt najlepszymi aktorami","http://rss.dziennik.pl/~r/Dziennik-Film/~3/o5TEzme63fs/6438996,oscar-2020-laura-dern-brad-pitt-aktor-aktorka.html"
Academy Snubs Greta Gerwig Again as Taika Waititi Wins Oscar for Best Adapted Screenplay,https://www.indiewire.com/2020/02/taika-waititi-wins-best-adapted-screenplay-oscar-greta-gerwig-1202209317/
"Oscar 2020: Laura Dern migliore attrice non protagonista, la dedica ai genitori &#8220;eroi&#8221;",https://cinema.fanpage.it/oscar-2020-laura-dern-migliore-attrice-non-protagonista-la-dedica-ai-genitori-eroi/
Kändisarna anländer till röda mattan,https://www.hd.se/2020-02-10/kandisarna-anlander-till-roda-mattan
Laura Dern wins best supporting actress Oscar for ‘Marriage Story’,https://www.thesundaily.my/world/laura-dern-wins-best-supporting-actress-oscar-for-marriage-story-FG1989337
"Laura Dern gana el Óscar a mejor actriz de reparto por ""Historia de un matrimonio""",https://www.telemetro.com/oscar/2020/02/10/laura-dern-gana-el-oscar-a-mejor-actriz-de-reparto-por-historia-de-un-matrimonio/2547262.html
Oscars 2020: Laura Dern Wins Best Supporting Actress for Marriage Story,https://www.news18.com/news/movies/oscars-2020-laura-dern-wins-best-supporting-actress-for-marriage-story-2494037.html
Laura Dern&#039;s sweet thank-you to her parents in touching Oscars acceptance speech,https://ca.hellomagazine.com/celebrities/02020021055102/laura-dern-parents-oscars-acceptance-speech
Laura Dern sella su dinastía en Hollywood con un Óscar,https://www.vistazo.com/seccion/gente/laura-dern-sella-su-dinastia-en-hollywood-con-un-oscar
Disse kan stikke av med de gjeve statuettene,https://www.tv2.no/a/11202165
Laura Dern thanks parents Diane Ladd and Bruce Dern during Oscars speech,https://nypost.com/2020/02/09/laura-dern-wins-best-supporting-actress-oscar-for-marriage-story/
Laura Dern cumple los pronósticos y logra el Oscar a la mejor actriz secundaria,https://www.lavanguardia.com/cine/20200210/473330791458/oscars-2020-nominadas-y-ganadora-a-mejor-actriz-secundaria.html
Un Oscar se convierte en el primer regalo de cumpleaños de Laura Dern,https://www.cope.es/actualidad/cultura/noticias/oscar-convierte-primer-regalo-cumpleanos-laura-dern-20200210_616154
Dern wins supporting actress Oscar for &#8216;Marriage Story&#8217;,https://ktar.com/story/2970790/dern-wins-supporting-actress-oscar-for-marriage-story/
Laura Dern wins best supporting actress Oscar for Marriage Story,http://www.loopnauru.com/entertainment/laura-dern-wins-best-supporting-actress-oscar-marriage-story-90021
Oscars 2020: Laura Dern wins Best Supporting Actress for 'Marriage Story',http://feedproxy.google.com/~r/rappler/~3/sdy9vps4LtY/251347-oscars-2020-laura-dern-best-supporting-actress
