14216
Gastkommentar von Hugo Müller-Vogg - &#034;Zur Demokratie steht nur linke Mitte&#034;: Attacke von SPD-Mann ist geschichtsvergessen,https://www.focus.de/politik/experten/die-gemeinsamkeit-der-demokraten-raed-salehs-hassattacke-auf-cdu-und-fdp_id_11672367.html
Übergangs-Ministerpräsidentin - Mit dem Lieberknecht-Coup führt Ramelow die Thüringer CDU in ein Dilemma,https://www.focus.de/politik/deutschland/uebergangs-ministerpraesidentin-mit-dem-lieberknecht-coup-fuehrt-ramelow-die-thueringer-cdu-in-ein-dilemma_id_11677252.html
Pakistan expresses sorrow over Turkish troops’ killing in Syria,https://www.dawn.com/news/1537323/pakistan-expresses-sorrow-over-turkish-troops-killing-in-syria
Grecia despliega tropas con miles de migrantes en frontera,https://www.diariolibre.com/actualidad/internacional/grecia-despliega-tropas-con-miles-de-migrantes-en-frontera-IC17409256
Durchbruch in Thüringen – Ministerpräsidentenwahl im März,https://www.tageblatt.lu/headlines/durchbruch-in-thueringen-ministerpraesidentenwahl-im-maerz/
Migrants : Erdogan attendu en Belgique lundi pour des discussions avec l'UE,https://www.lepoint.fr/monde/migrants-erdogan-attendu-en-belgique-lundi-pour-des-discussions-avec-l-ue-08-03-2020-2366241_24.php#xtor=RSS-221
„Die CDU ist ein Totalausfall und einfach nur noch bockig“,https://www.welt.de/vermischtes/article206084551/Habeck-bei-Will-CDU-ist-ein-Totalausfall-und-nur-noch-bockig.html
Turkey claims Greek border police killed Syrian migrant,https://www.freemalaysiatoday.com/category/world/2020/03/03/turkey-claims-greek-border-police-killed-syrian-migrant/
Syria says two warplanes downed by Turkey as tensions soar,https://www.stripes.com/news/middle-east/syria-says-two-warplanes-downed-by-turkey-as-tensions-soar-1.620872
Union: CDU findet kein Ende im Streit um Thüringen-Wahl,https://www.handelsblatt.com/politik/deutschland/union-cdu-findet-kein-ende-im-streit-um-thueringen-wahl/25569730.html
Facebook cancela su presencia en el MWC,https://www.latribunadealbacete.es/noticia/Z13C7A094-F919-26DF-1B2D921EB177A064/202002/facebook-cancela-su-presencia-en-el-mwc
Senate ushers final phase of Trump impeachment trial without witnesses,https://www.nbcnews.com/politics/trump-impeachment-inquiry/senate-vote-calling-witnesses-fails-ushering-trial-endgame-n1127966
Greece seeks to fortify borders amid Erdogan threats,http://www.ekathimerini.com/250136/article/ekathimerini/news/greece-seeks-to-fortify-borders-amid-erdogan-threats
U.S. aims to withdraw all forces ‘within 14 months’: U.S.-Afghan declaration,https://www.thehindu.com/news/international/us-aims-to-withdraw-all-forces-within-14-months-us-afghan-declaration/article30951088.ece
"TCL cancels MWC 2020 press conference, still attending - 9to5Google",https://9to5google.com/2020/02/10/tcl-cancels-mwc-2020-press-conference-will-still-attend-show/
Syrie : l’accord de cessez-le-feu russo-turc entré en vigueur,https://lnt.ma/syrie-laccord-de-cessez-le-feu-russo-turc-entre-en-vigueur/
Pelosi unveils $3 trillion coronavirus relief plan amid squeeze from left and right,https://www.politico.com/states/new-york/city-hall/story/2020/05/12/pelosi-to-push-new-3t-coronavirus-relief-plan-1283525
Thüringen: Sitzung des Ältestenrats abgesagt,https://www.spiegel.de/politik/deutschland/thueringen-sitzung-des-aeltestenrats-abgesagt-a-2b7027c3-2daf-46b2-bfa9-c86bb0efa46e#ref=rss
"RPT - Russia Has No Details Over Iran's Plan for Trilateral Meeting With Turkey, Syria - Embassy",https://www.urdupoint.com/en/world/rpt-russia-has-no-details-over-irans-plan-851976.html
Tense calm after Turkey and Russia agree Idlib ceasefire,https://www.standard.co.uk/news/world/tense-calm-after-turkey-and-russia-agree-idlib-ceasefire-a4380461.html
Turkish drones neutralize 21 Syrian regime troops,https://www.aa.com.tr/en/live/turkish-drones-neutralize-21-syrian-regime-troops/1756474
"Kremlin says agreed with Turkey to defuse tensions in Idlib, Erdoğan asks Russia to step aside",https://www.tabnak.ir/fa/news/962792/kremlin-says-agreed-with-turkey-to-defuse-tensions-in-idlib-erdoğan-asks-russia-to-step-aside
La UE apoya con firmeza a Grecia en la protección de sus fronteras,https://www.elperiodicomediterraneo.com/noticias/internacional/ue-apoya-firmeza-grecia-proteccion-sus-fronteras_1281831.html
Merkel critica a Erdogan por hacer política 'a costa de los refugiados',https://www.diariolibre.com/actualidad/internacional/merkel-critica-a-erdogan-por-hacer-politica-a-costa-de-los-refugiados-DD17416894
"Risk Strategies Acquires Weaver Bros. Insurance Associates, Inc.",http://www.globenewswire.com/news-release/2020/01/28/1976109/0/en/Risk-Strategies-Acquires-Weaver-Bros-Insurance-Associates-Inc.html
Two more Turkish soldiers killed in Syria ahead of Erdogan-Putin meet,http://www.newsincyprus.com/news/224467/two-more-turkish-soldiers-killed-in-syria-ahead-of-erdogan-putin-meet
Russian strikes kills 15 civilians in northwest Syria: monitor,https://www.urdupoint.com/en/world/russian-strikes-kills-15-civilians-in-northwe-855543.html
Two Turkish soldiers killed in Syria by regime: ministry,https://www.arabnews.com/node/1636716/middle-east
Flüchtlinge: Türkei: Es kommen noch mehr Migranten - Polizei an die Grenze,https://www.handelsblatt.com/politik/international/fluechtlinge-tuerkei-es-kommen-noch-mehr-migranten-polizei-an-die-grenze/25614368.html
Thüringen: Bodo Ramelow schlägt Christine Lieberknecht als Regierungschefin vor,https://www.zeit.de/politik/deutschland/2020-02/thueringen-ramelow-schlaegt-lieberknecht-als-ministerpraesidentin-vor
Turkey says it destroyed ‘chemical warfare facility’ in Syria,http://www.nileinternational.net/en/?p=163736
Kreise: Ramelow schlägt Lieberknecht vor,https://www.saarbruecker-zeitung.de/nachrichten/politik/ticker/kreise-ramelow-schlaegt-lieberknecht-vor_aid-49024645
Rot-rot-grün und UnionCDU streitet über Wahl Ramelows,https://jungefreiheit.de/politik/deutschland/2020/cdu-streitet-ueber-wahl-ramelows/
Greek police fire tear gas at hundreds of refugees on Turkey border,https://www.independent.co.uk/news/world/europe/greece-turkey-refugee-crisis-tear-gas-police-border-a9366456.html
Erdogan avisa de que no permitirá a Grecia usar la crisis migratoria para obtener beneficios de la UE,http://cronicadecantabria.com/cr/erdogan-avisa-de-que-no-permitir-a-grecia-usar-la-crisis-migratoria-para-obtener-beneficios-de-la-ue/
"Merkel califica de ""completamente inaceptable"" la política de refugiados de Erdogan",https://www.cope.es/actualidad/espana/noticias/merkel-califica-completamente-inaceptable-politica-refugiados-erdogan-20200303_635473
Coronavirus Set to Throw MWC 2020 Out of Gear,http://feedproxy.google.com/~r/NDTV-LatestNews/~3/IHXG9YKSxCI/coronavirus-set-to-throw-mwc-2020-out-of-gear-2177685
"Desbandada en el Mobile y alerta ante su cancelación: ""Ya no tiene sentido mantenerlo""",https://www.elconfidencial.com/tecnologia/2020-02-11/mobile-world-congress-barcelona_2448520/
Coronavirus outbreak: CDC expands airport health screenings for illness,https://www.fox23.com/news/trending/coronavirus-outbreak-cdc-expands-airport-health-screenings-illness/5GBN4VTGAVD5TFWCEP3UHWNBIA/
"Sony withdraws from MWC 2020, citing nCov",https://www.thehindubusinessline.com/info-tech/sony-withdraws-from-mwc-2020-citing-ncov/article30783756.ece
Nächtliche Gespräche - Zähe Verhandlungen um Neuwahlen in Thüringen,http://www.lessentiel.lu/de/news/deutschland/story/10200202
Erdogan seeking urgent Idlib cease-fire on Russia visit,https://www.aa.com.tr/en/live/erdogan-seeking-urgent-idlib-cease-fire-on-russia-visit/1754955
"Syrie: l'armée reprend plusieurs villes, Damas déterminée à faire face à toute agression étrangère",https://www.djazairess.com/fr/apsfr/502483
Ramelows Vorschlag für Thüringen: Lieberknecht als Übergang,http://www.taz.de/Ramelows-Vorschlag-fuer-Thueringen/!5664927/
"Resultate des Syrien-Gipfels in Moskau: Syrien darf weiter voranschreiten, Türkei muss sich zurückziehen",https://de.news-front.info/2020/03/06/resultate-des-syrien-gipfels-in-moskau-syrien-darf-weiter-voranschreiten-turkei-muss-sich-zuruckziehen/
Nokia cancels participation at MWC 2020 in Barcelona,https://www.business-standard.com/article/pti-stories/nokia-cancels-participation-at-mwc-2020-in-barcelona-120021201464_1.html
"Erdogan als kriegsgeiler Bock und die ""dumme Sau"" (frei nach Klaus Kinski) - eine Glosse",https://weltexpress.info/erdogan-als-kriegsgeiler-bock-und-die-dumme-sau-frei-nach-klaus-kinski-eine-glosse/
"US, Taliban sign deal aimed at ending war in Afghanistan  The North State Journal",https://nsjonline.com/article/2020/02/us-taliban-sign-deal-aimed-at-ending-war-in-afghanistan/
Une nouvelle crise migratoire s'annonce aux frontières de la Grèce,https://www.lesechos.fr/monde/europe/0602861247192-une-nouvelle-crise-migratoire-sannonce-aux-frontieres-de-la-grece-2331529.php#xtor=RSS-2053
22 Turkish soldiers killed in Syria's Idlib after air strike,https://www.business-standard.com/article/pti-stories/22-turkish-soldiers-killed-in-syria-s-idlib-after-air-strike-120022800076_1.html
Turkey’s President Erdogan Says Borders Are Open as Refugees Gather to Enter Greece,http://feedproxy.google.com/~r/time/world/~3/IBzKp7YJtCw/
"UN says 13,000 migrants mass at Turkey's border with Greece",http://rssfeeds.wwltv.com/~/619279974/0/wwl/home~UN-says-migrants-mass-at-Turkeys-border-with-Greece
Thüringen-Krise: Linker Ramelow überrascht mit Personalvorschlag,https://kurier.at/politik/ausland/thueringen-ramelow-schlaegt-uebergangs-ministerpraesidentin-vor/400757049
"House Votes Today: Another $1,200 Stimulus Check, $200 Billion For Hazard Pay, Extended Unemployment",https://www.forbes.com/sites/terinaallen/2020/05/15/house-votes-today-another-1200-stimulus-check-200-billion-for-hazard-pay-extended-unemployment/
Ramelow erwartet seine Wahl - Bundes-CDU kritisiert Landesverband,https://www.boerse-online.de/nachrichten/aktien/ramelow-erwartet-seine-wahl-bundes-cdu-kritisiert-landesverband-1028929358
"Clashes between migrants, Greek police erupt on Turkish border",http://english.alarabiya.net/en/News/middle-east/2020/02/29/Clashes-between-migrants-Greek-police-erupt-on-Turkish-border.html
Greek police fire tear gas on migrants at border with Turkey,http://www.iran-daily.com/News/266336.html
"Almost 10,000 migrants ‘stopped at Greek border’, but some have managed to slip through (VIDEO)",https://www.rt.com/news/482045-turkey-migrants-border-fence/?utm_source=rss&utm_medium=rss&utm_campaign=RSS
Merkel abronca a Erdogan por la manipulación que hace de los inmigrantes,https://www.abc.es/internacional/abci-merkel-abronca-erdogan-manipulacion-hace-inmigrantes-202003021827_noticia.html
Mobile World Congress cancelled amid coronavirus crisis | IT PRO,https://www.itpro.co.uk/business/business-operations/354769/mobile-world-congress-cancelled-amid-coronavirus-crisis
Politische Versäumnisse holen EU ein,https://orf.at/stories/3156311/
Christine Lieberknecht: Ramelows Coup,https://www.zeit.de/politik/deutschland/2020-02/christine-lieberknecht-thueringen-bodo-ramelow-cdu-linke
"Chaos As Thousands Of Refugees Charge Greek Border En Masse; 15,000 Surge Into EU Border Town",http://feedproxy.google.com/~r/zerohedge/feed/~3/_rVgWNA1g5Q/chaos-thousands-refugees-charge-greek-border-en-masse-15000-surge-evros
Berlín insiste en 'importancia' de diálogo con Turquía para salvar acuerdo UE,https://www.diariolibre.com/actualidad/internacional/berlin-insiste-en-importancia-de-dialogo-con-turquia-para-salvar-acuerdo-ue-JD17410687
Thüringen: Parteien einigen sich auf Neuwahl im nächsten Jahr,https://www.zeit.de/politik/deutschland/2020-02/thueringen-parteien-einigen-sich-auf-neuwahl-im-naechsten-jahr
"Pentagon chief lands in Afghanistan ahead of US, Taliban deal",https://timesofindia.indiatimes.com/world/south-asia/pentagon-chief-lands-in-afghanistan-ahead-of-us-taliban-deal/articleshow/74416047.cms
Le parti d'Angela Merkel s'enfonce dans la crise,http://tdg.ch/monde/Le-parti-d-Angela-Merkel-senfonce-dans-la-crise/story/13137356
A NATO ally is hurtling toward crisis. Should we care?,https://www.macleans.ca/opinion/a-nato-ally-is-hurtling-toward-crisis-should-we-care/
Sea-Tac among 20 airports to expand virus screening for travelers from China,http://rssfeeds.king5.com/~/617292764/0/king5/home~SeaTac-among-airports-to-expand-virus-screening-for-travelers-from-China
"Turkey, Russia set Syria cease-fire",http://www.arkansasonline.com/news/2020/mar/06/turkey-russia-set-syria-cease-fire-2020/
Erdogan Threatens Europe With 'Millions' of Migrants,https://www.news18.com/news/world/erdogan-threatens-europe-with-millions-of-migrants-2522963.html
La Grèce a « un site secret » pour détenir les migrants avant de les repousser,http://www.lemauricien.com/article/la-grece-a-un-site-secret-pour-detenir-les-migrants-avant-de-les-repousser/
Mike Mohring : CDU in Thüringen stellt Bedingungen für Übergangsregierung,https://www.zeit.de/politik/deutschland/2020-02/cdu-thueringen-uebergangsregierung-mike-mohring-die-linke
Eskalation in Idlib: Erdogan trifft Putin in Moskau am 5. März,https://www.boerse-online.de/nachrichten/aktien/eskalation-in-idlib-erdogan-trifft-putin-in-moskau-am-5-maerz-1028954311
Norway not ready for a new wave of asylum seekers,https://norwaytoday.info/news/norway-not-ready-for-a-new-wave-of-asylum-seekers/
"Coronavirus: Pelosi unveils $3trn in additional relief, despite progressives&apos; complaints it doesn&apos;t go far enough",https://www.independent.co.uk/news/world/americas/us-politics/coronavirus-relief-bill-pelosi-trump-negotiations-progressive-a9511031.html
ROUNDUP/Kreise: Ramelow schl&#228;gt Lieberknecht als Ministerpr&#228;sidentin vor,https://www.boerse-online.de/nachrichten/aktien/roundup-kreise-ramelow-schlaegt-lieberknecht-als-ministerpraesidentin-vor-1028911128
'Turkey will give harshest response to Assad attack',https://www.aa.com.tr/en/live/turkey-will-give-harshest-response-to-assad-attack/1748277
Einigung in Thüringer Regierungskrise,http://www.tagesschau.de/inland/thueringen-237.html
Facebook cancela su presencia en el Mobile World Congress por precaución ante el coronavirus,https://www.cope.es/actualidad/tecnologia/noticias/facebook-cancela-presencia-mwc-como-medida-precaucion-por-coronavirus-20200211_618152
"Es sind Menschen auf der Flucht, keine ""illegalen Migranten""",https://www.derstandard.at/story/2000115296133/es-sind-menschen-auf-der-flucht-keine-illegalen-migranten?ref=rss
"No commitments to releasing 5,000 Taliban prisoners – President Ghani",https://ariananews.af/no-commitments-to-releasing-5000-taliban-prisoners-president-ghani/
"Thüringer CDU: Peinlich, CDU",https://www.zeit.de/politik/deutschland/2020-02/thueringer-landtag-christine-lieberknecht-krise-cdu
Esper: EEUU 'no dudará en anular el acuerdo' de paz si talibanes no cumplen,https://www.diariolibre.com/actualidad/internacional/esper-eeuu-no-dudara-en-anular-el-acuerdo-de-paz-si-talibanes-no-cumplen-AN17387456
&#8216;Better safe than sorry&#8217;: Logan Airport to screen passengers for coronavirus,https://whdh.com/news/better-safe-than-sorry-logan-airport-to-screen-passengers-for-coronavirus-2/
WATCH LIVE: Pelosi unveils $3 trillion coronavirus aid package,https://www.pbs.org/newshour/politics/watch-live-pelosi-unveils-3-trillion-coronavirus-aid-package
ROUNDUP: CDU geht auf Ramelows Vorschlag teils ein - und stellt Forderungen,https://www.boerse-online.de/nachrichten/aktien/roundup-cdu-geht-auf-ramelows-vorschlag-teils-ein-und-stellt-forderungen-1028915073
Iran's Rouhani says innocent people in Syria's Idlib should be protected: TV,http://feeds.reuters.com/~r/reuters/topNews/~3/43KfwABo0Nk/irans-rouhani-says-innocent-people-in-syrias-idlib-should-be-protected-tv-idUSKBN20N0P0
Nächtliche Gespräche: Zähe Verhandlungen um Neuwahlen in Thüringen,http://www.20min.ch/ausland/news/story/25400934
"Russia's Putin, Turkey's Erdogan start talks in Moscow on Syria fighting",http://www.straitstimes.com/world/europe/russias-putin-turkeys-erdogan-start-talks-in-moscow-on-syria-fighting
Zähe Verhandlungen um Neuwahlen in Thüringen,http://zuonline.ch/ausland/europa/Zaehe-Verhandlungen-um-Neuwahlen-in-Thueringen/story/22224272
U.S.-Taliban Deal Hits 1st Speedbump,http://english.chosun.com/site/data/html_dir/2020/03/02/2020030200455.html
"Antrag gegen ""Entfremdung"": Kommunal-CDU stimmt mit AfD und NPD",https://www.n-tv.de/politik/Kommunal-CDU-stimmt-mit-AfD-und-NPD-article21581931.html
Los organizadores cancelan el Mobile World Congress de Barcelona por la crisis del coronavirus,https://elpais.com/tecnologia/2020/02/12/actualidad/1581509148_414423.html#?ref=rss&format=simple&link=link
"L’Europe solidaire, l’Europe barbare",https://www.letemps.ch/opinions/leurope-solidaire-leurope-barbare
Ministerpräsident: Bodo Ramelow rechnet mit seiner Wiederwahl,https://www.zeit.de/politik/deutschland/2020-02/ministerpraesident-thueringen-bodo-ramelow-wahl-maerz
"Dagdelen im ""Frühstart"": ""2015 darf sich nicht wiederholen""",https://www.n-tv.de/politik/2015-darf-sich-nicht-wiederholen-article21612948.html
Минобороны Турции сообщило о гибели одного военного в Идлибе,https://ria.ru/20200303/1568119656.html
„Raed Salehs Äußerungen zur CDU sind geschichtsvergessen“,https://www.tagesspiegel.de/berlin/stefan-evers-antwortet-auf-raed-saleh-raed-salehs-aeusserungen-zur-cdu-sind-geschichtsvergessen/25550454.html
Russia to Turkey: We Cannot Guarantee Safety of Your Planes Over Syria - TASS,https://www.usnews.com/news/world/articles/2020-03-01/russia-to-turkey-we-cannot-guarantee-safety-of-your-planes-over-syria-tass
«Не надо искать победителей»: востоковед оценил переговоры Путина и Эрдогана,https://vm.ru/policy/785054-ne-nado-iskat-pobeditelej-vostokoved-ocenil-peregovory-putina-i-erdogana
"Erdogan hopes cease-fire continues in Idlib, Syria",https://www.aa.com.tr/en/live/erdogan-hopes-cease-fire-continues-in-idlib-syria/1757140
"U.S. expands traveler screenings to 15 more entry points, including MSP",https://www.mprnews.org/story/2020/01/28/us-expands-traveler-screenings-to-15-more-entry-points-including-msp
Erdogan Says Ceasefire in Syria's Idlib Starts Midnight,https://www.urdupoint.com/en/world/erdogan-says-ceasefire-in-syrias-idlib-start-856269.html
"Francia denuncia un ""chantaje"" de Turquía a Europa con el flujo de refugiados a causa de los combates en Idlib","https://www.cantabrialiberal.com/mundo/francia-denuncia-un-chantaje-de-turquia-a-europa-con-el-flujo-de-refugiados-a-causa-de-los-combates-en-idlib,529849.html"
The Coronavirus: What Travelers Need to Know - The New York Times,https://www.nytimes.com/2020/01/26/travel/Coronavirus-travel.html?smtyp=cur&smid=fb-nyttravel
ROUNDUP 3/Krise in Thüringen gelöst: Historische Vereinbarung für Ramelow-Wahl,https://www.boerse-online.de/nachrichten/aktien/roundup-3-krise-in-thueringen-geloest-historische-vereinbarung-fuer-ramelow-wahl-1028928597
Turkey shoots down two Syria warplanes in escalating offensive,https://www.business-standard.com/article/pti-stories/turkey-shoots-down-two-syria-warplanes-in-escalating-offensive-120030100883_1.html
Türkei: UN melden mehr als 13.000 Migranten an der Grenze zu Griechenland,https://www.zeit.de/politik/ausland/2020-03/tuerkei-griechenland-grenze-europaeische-union-migranten
EU-Außenminister beraten bei Krisentreffen über Syrienkonflikt,https://www.boerse-online.de/nachrichten/aktien/eu-aussenminister-beraten-bei-krisentreffen-ueber-syrienkonflikt-1028970772
"La Turquie ouvre ses frontières, des milliers de migrants affluent vers l'Europe",https://www.valeursactuelles.com/societe/la-turquie-ouvre-ses-frontieres-des-milliers-de-migrants-affluent-vers-leurope-116592
"En quête d'appui en Syrie, Erdogan menace l'Europe d'une vague migratoire",https://www.lapresse.ca/international/europe/202002/29/01-5262889-en-quete-dappui-en-syrie-erdogan-menace-leurope-dune-vague-migratoire.php
EU 'strongly rejects' Turkey’s 'use' of migrants at border,https://www.dw.com/en/eu-strongly-rejects-turkey-s-use-of-migrants-at-border/a-52640976?maca=en-rss-en-all-1573-rdf
L'accord de cessez-le-feu en Syrie avec la Russie jette les bases d'une normalisation à Idleb (président turc),http://french.xinhuanet.com/2020-03/07/c_138851242.htm
Ramelow-Finte von CDU umschifft,https://www.kleinezeitung.at/politik/aussenpolitik/5771399/Thueringen_RamelowFinte-von-CDU-umschifft?from=rss
Au moins 20 000 migrants sont morts en Méditerranée depuis 2014,http://www.leparisien.fr/international/au-moins-20-000-migrants-sont-morts-en-mediterranee-depuis-2014-09-03-2020-8275818.php#xtor=RSS-1481423633
Guterres expresa su esperanza de que el alto el fuego en Idlib sea «inmediato y duradero»,http://cronicadecantabria.com/cr/guterres-expresa-su-esperanza-de-que-el-alto-el-fuego-en-idlib-sea-inmediato-y-duradero/
AP Photos: Migrants head to Turkish-Greek border,http://www.oleantimesherald.com/news/world/ap-photos-migrants-head-to-turkish-greek-border/article_7aca731a-a215-52ce-a015-71e97acade3c.html
EEUU y talibanes ponen freno a una guerra de casi dos décadas,https://www.primeraedicion.com.ar/nota/100237433/eeuu-y-talibanes-ponen-freno-a-una-guerra-de-casi-dos-decadas/
Grecja:  Zamieszki na granicy z Turcją; policja użyła gazu wobec migrantów,"http://rss.gazetaprawna.pl/~r/GazetaPrawna/~3/odFoDEF2GB0/1456584,grecja-zamieszki-na-granicy-z-turcja-policja-uzyla-gazu-wobec-migrantow.html"
Termin Landeschef-Neuwahl steht - Wird das Thüringen-Chaos dann beendet?,https://www.bild.de/politik/inland/politik-inland/thueringen-wahl-ministerpraesidenten-neuwahl-am-4-maerz-reicht-es-fuer-ramelow-69030340.bild.html
La CDU s'enfonce dans une crise existentielle,https://www.lesechos.fr/monde/europe/0602821995884-la-cdu-senfonce-dans-une-crise-existentielle-2329637.php#xtor=RSS-2053
Migrants: l'UE appelle la Turquie à respecter ses engagements,https://www.lefigaro.fr/flash-actu/migrants-l-ue-appelle-la-turquie-a-respecter-ses-engagements-20200228
"Erfurt: ""Ein neuer Tag in Absurdistan""",https://www.sueddeutsche.de/politik/thueringen-lieberknecht-cdu-1.4804861
House Democrats unveil $3T HEROES Act to provide new COVID-19 aid,https://gephardtdaily.com/national-international/house-democrats-unveil-3t-heroes-act-to-provide-new-covid-19-aid/
Überraschende Wende in Thüringen &#8211; Ramelow schlägt Lieberknecht als Ministerpräsidentin vor,https://www.epochtimes.de/politik/deutschland/ueberraschende-wende-in-thueringen-ramelow-schlaegt-lieberknecht-als-ministerpraesidentin-vor-a3159260.html
"La Agencia europea de control de fronteras, en alerta máxima tras impedir Grecia el paso a 10.000 migrantes en 24 horas",https://www.elmundo.es/internacional/2020/03/01/5e5b6a98fdddff3f238b463e.html
Thüringen-Krise: Thüringer CDU braucht Bedenkzeit nach Ramelows Coup,https://www.tagesschau.de/inland/thueringen-227.html
Turkey vows to retaliate after 33 troops killed in Syria airstrike,https://www.standard.co.uk/news/world/turkish-soldiers-killed-syria-idlib-airstrike-a4373946.html
Coronavirus outbreak forces more companies out of Mobile World Congress,https://bgr.com/2020/02/11/mwc-2020-news-coronavirus-fears-drive-intel-ntt-tcl-and-vivo-out/
Der FOCUS-Online-TV-Ticker - Röttgen plädiert für Türkei-Hilfen: „Sonst werden die Menschen zu uns fliehen“,https://www.focus.de/kultur/kino_tv/der-focus-online-tv-ticker-auch-im-morgenmagazin-dreht-sich-alles-nur-um-das-coronavirus_id_11722450.html
"Libera: ""L’umanità dimenticata""",https://www.sanmarinortv.sm/news/comunicati-c9/libera-l-umanita-dimenticata-a184583
“All our dreams are gone;” Desperation deepens for Syrians as conflict intensifies,https://business.financialpost.com/pmn/business-pmn/all-our-dreams-are-gone-desperation-deepens-for-syrians-as-conflict-intensifies-2
"Migranti, spari alla frontiera. Media turchi: ""Un morto, 5 feriti"". Grecia nega. Erdogan: ""L'Europa li lascia affogare""",https://www.repubblica.it/esteri/2020/03/04/news/grecia_turchia_migranti_scontri_polizia_confine_turco_feriti-250206976/?ref=RHPPTP-BL-I250214170-C12-P1-S2.4-T1
The world's biggest smartphone conference was just canceled because of coronavirus concerns | Markets Insider,https://markets.businessinsider.com/news/stocks/coronavirus-concerns-cancel-mobile-world-congress-mwc-smartphone-conference-2020-2-1028900004?op=1
Refugee outflow from Idlib accelerates over matter of days,https://nation.com.pk/02-Mar-2020/refugee-outflow-from-idlib-accelerates-over-matter-of-days
Demonstranten stürmen PK von Ministerin Raab,http://www.heute.at/politik/news/story/43143925
Putin y Tayyip acuerdan plan de alto fuego en Idlib,http://www.elimparcial.com/mundo/Putin-y-Tayyip-acuerdan-plan-de-alto-fuego-en-Idlib-20200305-0073.html
"After heavy strikes, tense calm in Syria’s Idlib as ceasefire comes into effect",https://dailytimes.com.pk/571186/after-heavy-strikes-tense-calm-in-syrias-idlib-as-ceasefire-comes-into-effect/?utm_source=rss&utm_medium=rss&utm_campaign=after-heavy-strikes-tense-calm-in-syrias-idlib-as-ceasefire-comes-into-effect
Le Luxembourg recueillera dix réfugiés mineurs,http://www.wort.lu/fr/luxembourg/le-luxembourg-recueillera-dix-refugies-mineurs-5e60b274da2cc1784e35798f
Migrants: la guerre des mots et des images entre la Grèce et la Turquie,https://www.levif.be/actualite/international/migrants-la-guerre-des-mots-et-des-images-entre-la-grece-et-la-turquie/article-news-1261045.html
Mobile World Congress 2020 canceled due to Coronavirus outbreak,https://appleinsider.com/articles/20/02/12/mobile-world-congress-2020-canceled-due-to-coronavirus-outbreak
"Thüringen: Ein Angebot, das die CDU nicht ablehnen kann",https://www.sueddeutsche.de/politik/ramelow-lieberknecht-thueringen-1.4802618
Truce Brings Some Relief but No Joy for Syrians in Idlib,https://www.usnews.com/news/world/articles/2020-03-06/truce-brings-some-relief-but-no-joy-for-syrians-in-idlib
Damascus says will down 'enemy' aircraft over NW Syria,https://guardian.ng/news/damascus-says-will-down-enemy-aircraft-over-nw-syria/
Regierungskrise - Was passiert am 4. März in Thüringen? Ramelow wird auf CDU-Stimmen zählen,https://www.focus.de/politik/deutschland/regierungskrise-was-passiert-am-4-maerz-in-thueringen-ramelow-wird-weiter-mit-cdu-stimmen-rechnen_id_11705655.html
Russia claims no part in Idlib attacks,https://tribune.net.ph/index.php/2020/03/01/russia-claims-no-part-in-idlib-attacks/
Danish Refugee Council Urges Greece to Move Migrants From Islands to Mainland,https://www.urdupoint.com/en/world/danish-refugee-council-urges-greece-to-move-m-851574.html
Ante el repunte de llegadas Grecia convierte un buque en campo de refugiados,https://www.diariolibre.com/actualidad/internacional/ante-el-repunte-de-llegadas-grecia-convierte-un-buque-en-campo-de-refugiados-NE17464889
Cypriot president warns of looming refugee ‘disaster’ in Europe,https://www.ft.com/content/b1d2b45a-5d50-11ea-b0ab-339c2307bcd4
"Migranti, Cnn turca: polizia greca spara al confine, feriti. Erdogan: ""L'Europa li lascia affogare""",https://www.repubblica.it/esteri/2020/03/04/news/grecia_turchia_migranti_scontri_polizia_confine_turco_feriti-250206976/?rss
"‘We will give a much harsher response’, Erdogan warns Damascus over Idlib",https://www.rt.com/news/482816-erdogan-retaliation-idlib-syria-ceasefire/?utm_source=rss&utm_medium=rss&utm_campaign=RSS
Democrats’ Relief Bill Would Let Lobbying Giants Access Small Business Aid,https://truthout.org/articles/democrats-relief-bill-would-let-lobbying-giants-access-small-business-aid/
Thüringen: Parteien verhandeln über Neuwahl,https://de.nachrichten.yahoo.com/neuwahlen-th%C3%BCringen-gespr%C3%A4che-gehen-235044192.html
Regierungskrise in Thüringen: Ramelow will's wissen,http://www.taz.de/Regierungskrise-in-Thueringen/!5665713/
Police Fire Tear Gas At Migrants In Greece,https://www.ibtimes.com/police-fire-tear-gas-migrants-greece-2932327?utm_source=Public&utm_medium=Feed&utm_campaign=Distribution
Turkey calls on EU to abide by Human Rights Declaration,https://www.aa.com.tr/en/live/turkey-calls-on-eu-to-abide-by-human-rights-declaration/1754299
Türkei-Krise: Migranten stürmen Grenze zu Griechenland – EU wirft Ankara „Erpressung“ vor,https://www.epochtimes.de/politik/europa/tuerkei-krise-migranten-stuermen-grenze-zu-griechenland-eu-wirft-ankara-erpressung-vor-a3178138.html
"Syrie: 15 civils tués dans des frappes russes dans le nord-ouest, selon l'OSDH",https://www.la-croix.com/Monde/Syrie-15-civils-tues-frappes-russes-nord-ouest-selon-OSDH-2020-03-05-1301082211
"Putin, Erdogan Seek To Ease Syria Tensions At High-stakes Talks",https://www.ibtimes.com/putin-erdogan-seek-ease-syria-tensions-high-stakes-talks-2934040?utm_source=Public&utm_medium=Feed&utm_campaign=Distribution
Se cancela el Mobile World Congress por coronavirus,https://www.eluniversal.com.mx/techbit/se-cancela-el-mwc-2020-por-coronavirus
Jüdische Sozialdemokraten stellen Saleh als künftigen Berliner SPD-Chef infrage,https://www.tagesspiegel.de/politik/umstrittene-aeusserungen-ueber-demokratische-mitte-juedische-sozialdemokraten-stellen-saleh-als-kuenftigen-berliner-spd-chef-infrage/25552780.html
"Siria, strage di soldati turchi. Erdogan: non bloccheremo più migranti diretti verso Ue",https://www.ilmattino.it/primopiano/esteri/turchia_siria_erdogan_migranti_ultime_notizie_oggi_28_febbraio_2020-5080354.html
Ceasefire starts in northwestern Syria’s Idlib province,https://www.aa.com.tr/en/live/ceasefire-starts-in-northwestern-syria-s-idlib-province/1756436
Thüringen-Krise: Tiefensee (SPD) spricht von „Bewegung bei der CDU“ und nennt fünf Varianten in Verhandlungen,https://www.merkur.de/politik/thueringen-wahl-ministerpraesident-news-cdu-aktuell-koalition-ramelow-lieberknecht-linke-spd-afd-zr-13544579.html?cmp=defrss
"Siria acusa EU de infiltrar ""ilegalmente"" oficiales desde Turquía",http://www.elimparcial.com/mundo/Siria-acusa-EU-de-infiltrar-ilegalmente-oficiales-desde-Turquia-20200304-0024.html
Politischer Aschermittwoch:  - Was Sie wissen müssen im Überblick,https://www.focus.de/politik/politischer-aschermittwoch-was-sie-wissen-muessen-im-ueberblick_id_11700313.html
„Vertrauenskrise“ - Spahn watscht Thüringen-CDU für Ramelow-Deal ab,https://www.bild.de/politik/inland/politik-inland/thueringen-cdu-will-ramelow-und-rot-rot-gruen-stuetzen-von-jens-spahn-kommt-krit-68959450.bild.html
Идлибский котел,http://www.ra.am/archives/31820
Kremlin urges Turkey to protect Russia’s diplomatic facilities in Turkey – RIA,https://nationalpost.com/pmn/news-pmn/politics-news-pmn/kremlin-urges-turkey-to-protect-russias-diplomatic-facilities-in-turkey-ria
Interview mit Christine Lieberknecht„Der Unvereinbarkeitsbeschluß scheitert an der Realität“,https://jungefreiheit.de/politik/deutschland/2020/der-unvereinbarkeitsbeschluss-scheitert-an-der-realitaet/
People Smugglers Slash Prices to £11 After Turkey Opens The Gates,https://www.breitbart.com/europe/2020/03/04/people-smugglers-slash-prices-to-11/
U.S. beefs up screening of travelers for new virus from China,https://www.arkansasonline.com/news/2020/jan/28/us-others-prepare-evacuations-virus-spreads-china/?utm_medium=social&utm_source=facebook_Arkansas_Democrat-Gazette_%2F_ArkansasOnline.com
Griechenland ruft höchste Alarmstufe aus,https://www.tagesspiegel.de/politik/fluechtlinge-an-der-tuerkischen-grenze-griechenland-ruft-hoechste-alarmstufe-aus/25599690.html
Turkey’s green light for migrants alienates European allies,http://www.ekathimerini.com/250199/article/ekathimerini/news/turkeys-green-light-for-migrants-alienates-european-allies
Escalating Idlib Battle Raises Risk of Direct Russia-Turkey Clash,https://www.usnews.com/news/world/articles/2020-03-03/escalating-idlib-battle-raises-risk-of-direct-russia-turkey-clash
President Putin announces agreement on cessation of hostilities in Idleb,https://sana.sy/en/?p=187507
Turkey says attack on troops happened despite coordination with Russia -Anadolu,https://nationalpost.com/pmn/news-pmn/politics-news-pmn/turkey-says-attack-on-troops-happened-despite-coordination-with-russia-anadolu
Greece blocks thousands of migrants trying to enter from Turkey,https://www.france24.com/en/20200301-greece-blocks-thousands-of-migrants-trying-to-enter-from-turkey
Thüringen: Weg zu Neuwahlen im Jahr 2021 ist frei,https://deutsch.rt.com/inland/98322-thueringen-weg-fuer-neuwahlen-in/
Regierungskrise in Thüringen: Der nächste Coup von Erfurt,http://www.taz.de/Regierungskrise-in-Thueringen/!5661397/
Syrie: 31 combattants du régime tués dans des tirs de représailles turcs (ONG),http://feedproxy.google.com/~r/Rtlinfos-ALaUne/~3/odZx25Gm8mc/syrie-31-combattants-du-regime-tues-dans-des-tirs-de-represailles-turcs-ong--1200025.aspx
"Turkey is crushing Syria's army after wiping out its heavy armor with superior tech, daring Russia to step in and save them",http://feedproxy.google.com/~r/businessinsider/~3/CXZzwMRYIjo/syria-turkey-superior-tech-dares-russia-2020-3
Rot-Rot-Grün und CDU: Parteien einigen sich auf Lösung der Thüringer Regierungskrise,https://www.sueddeutsche.de/politik/rot-rot-gruen-und-cdu-parteien-einigen-sich-auf-loesung-der-thueringer-regierungskrise-1.4810836
EU-Turkey migration deal: What is it and could it collapse?,https://www.omanobserver.om/eu-turkey-migration-deal-what-is-it-and-could-it-collapse/
‘War of nerves’: Turkey goes ‘all-in’ to stop Syrian advance in Idlib but will it end up in all-out war?,https://www.rt.com/news/481858-turkey-all-in-idlib-damascus/?utm_source=rss&utm_medium=rss&utm_campaign=RSS
Thüringen: Warten auf Bodo,https://de.nachrichten.yahoo.com/th%C3%BCringen-warten-bodo-105753051.html
Turquie : des centaines de réfugiés massés à la frontière grecque,http://www.leparisien.fr/international/turquie-des-centaines-de-refugies-masses-a-la-frontiere-avec-la-grece-28-02-2020-8269485.php#xtor=RSS-1481423633
Thüringen | Der Lieberknecht-Coup,https://www.freitag.de/autoren/sebastianpuschner/genau-das-was-die-cdu-verdient
HUMAN RIGHTS: Greece tightens Turkey border to stop migrants,http://feedproxy.google.com/~r/dailysourceorg/~3/BJHMNCKIFl0/112Fr
NATO to meet after 33 Turkish troops killed in Syria,https://www.thehindu.com/news/international/nato-to-meet-after-33-turkish-troops-killed-in-syria/article30941120.ece
Turkey Declares War on Bashar al-Assad’s Regime in Syria,https://www.jewishpress.com/news/middle-east/turkey/turkey-declares-war-on-bashar-al-assads-regime-in-syria/2020/03/01/
Russia denies responsibility for attack in northern Syria that killed 33 Turkish soldiers,https://www.washingtonpost.com/world/russia-denies-responsibility-for-attack-in-northern-syria-that-killed-33-turkish-soldiers/2020/02/28/aa6aa140-59fa-11ea-8efd-0f904bdd8057_story.html?utm_source=rss&utm_medium=referral&utm_campaign=wp_homepage
A ‘Win-Win’ Over Afghanistan and Syria,https://www.newsclick.in/Afghanistan-Syria-US-Taliban-Russia-Vladimir-Putin-Turkey-Erdogan
Grüne in Thüringen würden Neuwahl zustimmen,https://www.boerse-online.de/nachrichten/aktien/gruene-in-thueringen-wuerden-neuwahl-zustimmen-1028918134
"Putin, Erdogan start talks in Moscow on Syria",https://www.urdupoint.com/en/world/putin-erdogan-start-talks-in-moscow-on-syria-855815.html
Borrell critica acciones unilaterales turcas y pide no poner vidas en riesgo,https://www.diariolibre.com/actualidad/internacional/borrell-critica-acciones-unilaterales-turcas-y-pide-no-poner-vidas-en-riesgo-CE17465564
Krise in Thüringen: „Es geht um eine Ausnahmesituation“,https://www.faz.net/aktuell/politik/inland/verhandlungen-zwischen-linke-spd-gruene-und-cdu-in-thueringen-16641315.html
